7.108287329365582385e-01
7.268664025674340667e-01
8.166442783280611906e-01
-8.166442783280598583e-01
8.583947473453429344e-01
7.049369563948031381e-01
7.338253817801774215e-01
8.193218290698449646e-01
8.438790316968639571e-01
8.700378407726060415e-01
7.052885427799171492e-01
7.952994468396687999e-01
8.274297168140501979e-01
8.782238601806675593e-01
9.192353973775958531e-01
7.112794448381886125e-01
8.314815875560394032e-01
8.411670098117478567e-01
8.737775873625860390e-01
9.633368409547664601e-01
7.227020925800057283e-01
8.106353968432533641e-01
8.607474977081628342e-01
9.475318275580126848e-01
9.505535900772409397e-01
7.370751699355257980e-01
8.149471967859586163e-01
8.862068124773258004e-01
9.576392128274108240e-01
1.012139861686337072e+00
7.524212712976772188e-01
8.423515050950514116e-01
9.173223948829097862e-01
9.874610347380804454e-01
1.066676512332348947e+00
7.682835868850801386e-01
8.908240162644691651e-01
9.537635248285435408e-01
1.039833813090855097e+00
1.119108101628045970e+00
7.844225847065091628e-01
9.584900150518820272e-01
9.952002036535980700e-01
1.113111971038097892e+00
1.178823598415460028e+00
8.004199004916032756e-01
1.041230553642713996e+00
1.041758106566698983e+00
1.204894194045007971e+00
1.249598851979365932e+00
8.158575742107202489e-01
1.091271882136813032e+00
1.133617600998553909e+00
1.312053479479261986e+00
1.332101750279861108e+00
