7.108287329365582385e-01
7.268664025674340667e-01
8.166442783280611906e-01
-8.166442783280598583e-01
8.583947473453429344e-01
7.335460043480216408e-01
7.393639395677711335e-01
7.736503782149628528e-01
8.736503782149631636e-01
8.774046776900192857e-01
7.446541112855362687e-01
7.684950762744104935e-01
7.909054376159122546e-01
9.393052853321651741e-01
9.446541112855353362e-01
7.295686873554797502e-01
8.021804657858558896e-01
8.532543220430454101e-01
9.376512483540785370e-01
1.029568687355481016e+00
7.281318961398621781e-01
8.372393882046177405e-01
9.030175373326944088e-01
9.388201864028959953e-01
1.128131896139860979e+00
7.397722993691457916e-01
8.735419095421235181e-01
9.461528585161474991e-01
9.548536188654082046e-01
1.237778264207411105e+00
7.634432119830041330e-01
9.106111276789576880e-01
9.857036599567444712e-01
9.893752841229992434e-01
1.306315879676055003e+00
7.974220349569239863e-01
9.479627955867573341e-01
1.031110126522404080e+00
1.035726851214789024e+00
1.388001665956609898e+00
8.391041288645102458e-01
9.853805783515244832e-01
1.086511759402901900e+00
1.090499047886579920e+00
1.482576218113802913e+00
8.848920921607567047e-01
1.022819910153790923e+00
1.142298491575320041e+00
1.162844154689256948e+00
1.588945158466622987e+00
9.303926207398151016e-01
1.060253875828782055e+00
1.203270534830968908e+00
1.246462015179365945e+00
1.705173176956473080e+00
