3.874711315825348779e-01
4.026287811524882909e-01
4.591263257800338726e-01
4.619810412128773081e-01
4.693564490032758885e-01
4.945245147555009102e-01
3.875928564790733222e-01
4.027565245694973983e-01
4.584346414839425843e-01
4.614067826114727766e-01
4.694337402876899157e-01
4.956307654577308819e-01
3.879560953693093062e-01
4.031367806469879911e-01
4.566348459710221075e-01
4.598978998446519029e-01
4.696653469757980925e-01
4.986889594472020959e-01
3.885551815059143932e-01
4.037609434088776927e-01
4.542921725951630241e-01
4.579225568880753161e-01
4.700504876607958238e-01
5.031730286469674462e-01
3.893811121259151964e-01
4.046156844568001842e-01
4.519063532683765261e-01
4.559355033919573197e-01
4.705879186830401739e-01
5.037189669112069890e-01
3.916643394112199195e-01
4.069483615543533772e-01
4.481938509312525798e-01
4.531200865499357966e-01
4.721127423900525200e-01
5.054370199482439707e-01
3.930924054516751753e-01
4.083889404609957197e-01
4.471509986566364891e-01
4.526000456405798733e-01
4.730958604171718873e-01
5.064824303485058188e-01
3.946900273992652863e-01
4.099877134286786795e-01
4.467033225352898818e-01
4.527365786195978736e-01
4.742227720868518737e-01
5.076179828635778435e-01
3.964404265456547005e-01
4.117272144955027025e-01
4.468263012633644782e-01
4.535077257859108091e-01
4.754906137973238245e-01
5.088112958468611335e-01
3.983267350972488074e-01
4.135907916512818749e-01
4.474671189763553825e-01
4.548588352123936196e-01
4.768962433682947810e-01
5.100229525777003614e-01
