3.874711315825348779e-01
4.026287811524882909e-01
4.591263257800338726e-01
4.619810412128773081e-01
4.693564490032758885e-01
4.945245147555009102e-01
3.875548236264719226e-01
4.027309971461923155e-01
4.568118657756383150e-01
4.614822251147588927e-01
4.717635214014838096e-01
4.945813200913036223e-01
3.878043165955507021e-01
4.030356586475826175e-01
4.525095648175960772e-01
4.601006888613871082e-01
4.763179503146983129e-01
4.947496941790138769e-01
3.882149401384206167e-01
4.035368986076410258e-01
4.480349318819861204e-01
4.581208093034963014e-01
4.811330251386298773e-01
4.950237901782353900e-01
3.887791672624221762e-01
4.042252407074922727e-01
4.438341926748894939e-01
4.558754488725815235e-01
4.856770692791331223e-01
4.953947384400649856e-01
3.903263177512069082e-01
4.061100054872787135e-01
4.367878157733763866e-01
4.516645221433940871e-01
4.933948164378771928e-01
4.963835101900179181e-01
3.912836371030374849e-01
4.072739385014755853e-01
4.340122935555492112e-01
4.500275111851014809e-01
4.967086802734165252e-01
4.969790427812539879e-01
3.923444303025919733e-01
4.085613491639223938e-01
4.317072436413766923e-01
4.487891150965110931e-01
4.976288280065532255e-01
4.998545301629693793e-01
3.934937721633287033e-01
4.099531893835505203e-01
4.298156530462732827e-01
4.479377430161861073e-01
4.983251305129712261e-01
5.029500832275128896e-01
3.947167924500833980e-01
4.114304797728132179e-01
4.282661204698435808e-01
4.474235731586134190e-01
4.990621473714622058e-01
5.060703756419701049e-01
