3.874711315856733118e-01
4.026287811541782724e-01
4.591263257810738185e-01
4.619810412098461772e-01
3.873770807239699243e-01
4.025692510193237261e-01
4.590467414399829749e-01
4.619091290219298207e-01
3.870987332175512829e-01
4.023930359395271883e-01
4.588122139413878808e-01
4.616975261676650732e-01
3.866468594965131733e-01
4.021068140285389836e-01
4.584347479508941170e-01
4.613579742124999106e-01
3.860374551706856061e-01
4.017203490018467216e-01
4.579323045793000091e-01
4.609080315385116200e-01
3.844220556673437761e-01
4.006911541800082244e-01
4.566391263067791084e-01
4.571010077698057228e-01
3.834533429242961144e-01
4.000685157453077734e-01
4.532477453504007991e-01
4.558917842011240840e-01
3.823983758755661877e-01
3.993834547388406264e-01
4.492763320648588965e-01
4.551025039104049097e-01
3.812688350951591865e-01
3.986394716900805157e-01
4.452909797369756228e-01
4.542857820238819233e-01
3.800728862618916182e-01
3.978371326831409149e-01
4.413676145359711200e-01
4.534521249202488891e-01
