3.874711315856733118e-01
4.026287811541782724e-01
4.591263257810738185e-01
4.619810412098461772e-01
3.875548236292710169e-01
4.027309971484904771e-01
4.568118657818864836e-01
4.614822251129878095e-01
3.878043165959917937e-01
4.030356586455612899e-01
4.525095648236632240e-01
4.601006888694484931e-01
3.882149401383765963e-01
4.035368986060107188e-01
4.480349318824218829e-01
4.581208093018390159e-01
3.887791672630102058e-01
4.042252407059495067e-01
4.438341926756205202e-01
4.558754488715467956e-01
3.903263177533051187e-01
4.061100054829039907e-01
4.367878157744543022e-01
4.516645221450463765e-01
3.912836371043629247e-01
4.072739385014231273e-01
4.340122935568763163e-01
4.500275111889229240e-01
3.923444303033162828e-01
4.085613491650741946e-01
4.317072436420367199e-01
4.487891150986917932e-01
3.934937721639806818e-01
4.099531893836088070e-01
4.298156530475651937e-01
4.479377430191947007e-01
3.947167924522141935e-01
4.114304797735197083e-01
4.282661204696107116e-01
4.474235731622606127e-01
