7.336945266105134866e-01
8.215434604238911476e-01
9.305252643191830320e-01
9.305252643191829209e-01
-9.305252643191825879e-01
1.032299541547607058e+00
1.032299541547607058e+00
-1.032299541547605948e+00
1.621429688502183053e+00
1.937945105642624899e+00
7.432468752544023616e-01
8.317636517563508081e-01
8.840513269252993078e-01
9.316226232841907651e-01
9.840513269252990636e-01
9.858830365454798184e-01
1.033341405777890909e+00
1.085883036545483016e+00
1.625532406178402001e+00
1.940872450171194030e+00
7.715868891186036249e-01
8.446492970228336450e-01
8.623340439172821892e-01
9.349505292410996704e-01
9.466691639512402334e-01
1.036514192463314110e+00
1.044649297022832934e+00
1.146669163951240966e+00
1.638217915341910969e+00
1.949859677158765070e+00
8.123644132180776190e-01
8.177058914072349305e-01
9.129110893089051881e-01
9.147480353487080773e-01
9.406031757540885829e-01
1.041943427854628901e+00
1.112364413218078996e+00
1.214748035348711896e+00
1.660659805577576975e+00
1.965557036889094000e+00
7.872336401560828811e-01
8.797334670078297281e-01
8.902238503182465790e-01
9.487018242407847524e-01
9.826909055820929328e-01
1.049794765783893080e+00
1.187233640156083014e+00
1.290223850318245935e+00
1.694958637322252049e+00
1.989175789541040906e+00
7.692500853245951564e-01
8.731721055336120196e-01
9.546880591448673181e-01
9.593632890589582907e-01
1.060234619742874917e+00
1.070086280702998049e+00
1.269250085324594934e+00
1.373172105533611909e+00
1.744348057386643003e+00
2.022717958388867032e+00
7.583380421728211918e-01
8.636099605670244372e-01
9.726807961032293282e-01
1.038293816321778085e+00
1.073405202309057893e+00
1.172290265308931101e+00
1.358338042172821947e+00
1.463609960567028079e+00
1.813346522775101999e+00
2.069354479608436215e+00
7.543398438511171866e-01
8.614821362334732502e-01
9.887186035920098037e-01
1.089416604796626054e+00
1.125219590502398948e+00
1.284769700758847000e+00
1.454339843851113034e+00
1.561482136233470985e+00
1.907502878233128918e+00
2.133914197952397895e+00
7.570087477245646124e-01
8.666558599316753764e-01
1.007514807297223980e+00
1.108349842621966008e+00
1.210149525679171001e+00
1.400993193045676932e+00
1.557008747724559994e+00
1.666655859931674977e+00
2.032321232205905215e+00
2.223163981349550955e+00
7.660016870843753267e-01
8.789170597113979966e-01
1.029086219754109965e+00
1.130263498668163002e+00
1.289426064072086042e+00
1.513213449432819990e+00
1.666001687084375016e+00
1.778917059711397020e+00
2.191616631227264911e+00
2.345041865208040033e+00
7.808686089087174542e-01
8.979627633255949926e-01
1.053431745437378053e+00
1.155199266051424090e+00
1.362008988723516056e+00
1.614967903914168001e+00
1.780868608908714013e+00
1.897962763325595992e+00
2.386552037865353970e+00
2.506167636479433192e+00
