7.336945266105134866e-01
8.215434604238911476e-01
9.305252643191830320e-01
9.305252643191829209e-01
-9.305252643191825879e-01
1.032299541547607058e+00
1.032299541547607058e+00
-1.032299541547605948e+00
1.621429688502183053e+00
1.937945105642624899e+00
7.432468752543999191e-01
8.317636517563515852e-01
8.840513269252990858e-01
9.316226232841925414e-01
9.840513269252981754e-01
9.858830365454804845e-01
1.033341405777894018e+00
1.085883036545481017e+00
1.625532406178394895e+00
1.940872450171194918e+00
7.715868891186079548e-01
8.446492970228306474e-01
8.623340439172869631e-01
9.349505292410982271e-01
9.466691639512383460e-01
1.036514192463311002e+00
1.044649297022830936e+00
1.146669163951240078e+00
1.638217915341912079e+00
1.949859677158765070e+00
8.123644132180773969e-01
8.177058914072365958e-01
9.129110893089043000e-01
9.147480353487086324e-01
9.406031757540888050e-01
1.041943427854626902e+00
1.112364413218078107e+00
1.214748035348709898e+00
1.660659805577578085e+00
1.965557036889097109e+00
7.872336401560829922e-01
8.797334670078299501e-01
8.902238503182472451e-01
9.487018242407828650e-01
9.826909055820961525e-01
1.049794765783893080e+00
1.187233640156083014e+00
1.290223850318249044e+00
1.694958637322258932e+00
1.989175789541038908e+00
7.692500853245959336e-01
8.731721055336132409e-01
9.546880591448668740e-01
9.593632890589580686e-01
1.060234619742878026e+00
1.070086280703000048e+00
1.269250085324594934e+00
1.373172105533615017e+00
1.744348057386641004e+00
2.022717958388867032e+00
7.583380421728228571e-01
8.636099605670296553e-01
9.726807961032296612e-01
1.038293816321776974e+00
1.073405202309061002e+00
1.172290265308931989e+00
1.358338042172821947e+00
1.463609960567030077e+00
1.813346522775103109e+00
2.069354479608436215e+00
7.543398438511131898e-01
8.614821362334736943e-01
9.887186035920111360e-01
1.089416604796626942e+00
1.125219590502398059e+00
1.284769700758847000e+00
1.454339843851111036e+00
1.561482136233470985e+00
1.907502878233126031e+00
2.133914197952400116e+00
7.570087477245623919e-01
8.666558599316763756e-01
1.007514807297227089e+00
1.108349842621966896e+00
1.210149525679174998e+00
1.400993193045678042e+00
1.557008747724565101e+00
1.666655859931676087e+00
2.032321232205903883e+00
2.223163981349558949e+00
7.660016870843734393e-01
8.789170597113947769e-01
1.029086219754109965e+00
1.130263498668163002e+00
1.289426064072084044e+00
1.513213449432819102e+00
1.666001687084371907e+00
1.778917059711391913e+00
2.191616631227263134e+00
2.345041865208036036e+00
7.808686089087147897e-01
8.979627633255949926e-01
1.053431745437378941e+00
1.155199266051424978e+00
1.362008988723516945e+00
1.614967903914170000e+00
1.780868608908712014e+00
1.897962763325593993e+00
2.386552037865349085e+00
2.506167636479427863e+00
