7.336945266105134866e-01
8.215434604238911476e-01
9.305252643191830320e-01
9.305252643191829209e-01
-9.305252643191825879e-01
1.032299541547607058e+00
1.032299541547607058e+00
-1.032299541547605948e+00
1.621429688502183053e+00
1.937945105642624899e+00
7.432468752543995860e-01
8.317636517563522514e-01
8.840513269252998629e-01
9.316226232841918753e-01
9.840513269252978423e-01
9.858830365454828160e-01
1.033341405777892019e+00
1.085883036545481906e+00
1.625532406178398892e+00
1.940872450171196029e+00
7.715868891186075107e-01
8.446492970228316466e-01
8.623340439172851868e-01
9.349505292410991153e-01
9.466691639512396783e-01
1.036514192463313000e+00
1.044649297022832046e+00
1.146669163951240078e+00
1.638217915341916076e+00
1.949859677158769955e+00
8.123644132180786182e-01
8.177058914072359297e-01
9.129110893089061873e-01
9.147480353487098537e-01
9.406031757540890270e-01
1.041943427854630011e+00
1.112364413218078996e+00
1.214748035348709898e+00
1.660659805577584081e+00
1.965557036889101106e+00
7.872336401560831032e-01
8.797334670078333918e-01
8.902238503182471341e-01
9.487018242407846413e-01
9.826909055820974848e-01
1.049794765783893968e+00
1.187233640156085013e+00
1.290223850318247933e+00
1.694958637322252049e+00
1.989175789541038908e+00
7.692500853245941572e-01
8.731721055336083559e-01
9.546880591448663189e-01
9.593632890589579576e-01
1.060234619742876028e+00
1.070086280702998938e+00
1.269250085324594934e+00
1.373172105533613019e+00
1.744348057386645001e+00
2.022717958388867032e+00
7.583380421728199705e-01
8.636099605670297663e-01
9.726807961032303274e-01
1.038293816321776974e+00
1.073405202309061002e+00
1.172290265308931101e+00
1.358338042172819060e+00
1.463609960567028967e+00
1.813346522775098890e+00
2.069354479608430886e+00
7.543398438511109694e-01
8.614821362334679211e-01
9.887186035920108029e-01
1.089416604796628052e+00
1.125219590502398948e+00
1.284769700758850108e+00
1.454339843851113923e+00
1.561482136233474094e+00
1.907502878233128030e+00
2.133914197952400116e+00
7.570087477245629470e-01
8.666558599316743772e-01
1.007514807297225090e+00
1.108349842621966896e+00
1.210149525679172999e+00
1.400993193045678042e+00
1.557008747724563991e+00
1.666655859931674977e+00
2.032321232205903883e+00
2.223163981349555840e+00
7.660016870843715520e-01
8.789170597113898920e-01
1.029086219754109077e+00
1.130263498668163002e+00
1.289426064072084932e+00
1.513213449432819102e+00
1.666001687084371019e+00
1.778917059711393023e+00
2.191616631227256029e+00
2.345041865208029819e+00
7.808686089087132354e-01
8.979627633255953256e-01
1.053431745437380052e+00
1.155199266051426088e+00
1.362008988723518055e+00
1.614967903914171998e+00
1.780868608908712902e+00
1.897962763325595992e+00
2.386552037865348197e+00
2.506167636479429195e+00
