3.874711315856733118e-01
4.026287811541782724e-01
4.591263257810738185e-01
4.619810412098461772e-01
3.875928564810466881e-01
4.027565245688520812e-01
4.584346414844439055e-01
4.614067826137654982e-01
3.879560953701423065e-01
4.031367806468360016e-01
4.566348459714715258e-01
4.598978998465773071e-01
3.885551815103067130e-01
4.037609434090472238e-01
4.542921726014145789e-01
4.579225568912134725e-01
3.893811121286480104e-01
4.046156844573292055e-01
4.519063532702117802e-01
4.559355033906303256e-01
3.916643394135974066e-01
4.069483615536417243e-01
4.481938509329075893e-01
4.531200865507000741e-01
3.930924054523258215e-01
4.083889404610975826e-01
4.471509986571373108e-01
4.526000456441012787e-01
3.946900274004430109e-01
4.099877134294229175e-01
4.467033225358594817e-01
4.527365786195073905e-01
3.964404265434998131e-01
4.117272144945177126e-01
4.468263012655240840e-01
4.535077257834038145e-01
3.983267350965182252e-01
4.135907916516605165e-01
4.474671189775312197e-01
4.548588352102971855e-01
