3.874711315825348779e-01
4.026287811524882909e-01
4.591263257800338726e-01
4.619810412128773081e-01
4.693564490032758885e-01
4.945245147555009102e-01
3.873770807174742870e-01
4.025692510205199914e-01
4.590467414340939079e-01
4.619091290222477886e-01
4.690546937331003807e-01
4.938939235313138942e-01
3.870987332150044868e-01
4.023930359440646143e-01
4.588122139453456039e-01
4.616975261687584209e-01
4.680893259722793132e-01
4.929057620385937089e-01
3.866468594937635950e-01
4.021068140316694239e-01
4.584347479511292067e-01
4.613579742127266181e-01
4.663550055072822054e-01
4.925469811840108014e-01
3.860374551719976122e-01
4.017203490000088029e-01
4.579323045807687231e-01
4.609080315357694801e-01
4.638449365362550814e-01
4.894578564272956123e-01
3.844220556719465942e-01
4.006911541786116748e-01
4.566391263057020256e-01
4.571010077727408194e-01
4.597615197907670148e-01
4.802037311040919798e-01
3.834533429231937185e-01
4.000685157422622096e-01
4.532477453502781195e-01
4.558917842027616074e-01
4.591071245545689239e-01
4.755674415449103187e-01
3.823983758718684789e-01
3.993834547370840871e-01
4.492763320634660107e-01
4.551025039093556934e-01
4.584229496046023922e-01
4.710372834295474820e-01
3.812688350961362937e-01
3.986394716884045231e-01
4.452909797347803234e-01
4.542857820243312861e-01
4.577227103719668788e-01
4.666692622697596882e-01
3.800728862667583918e-01
3.978371326829275856e-01
4.413676145358866876e-01
4.534521249213189775e-01
4.570160395987372115e-01
4.625053957577147101e-01
